60.58819 61.42144 63.06757 56.66616 59.05224
58.45839 61.8991 60.19163 61.76179 63.84988
60.25146 64.7661 59.55031 59.99562 59.70123
62.14938 61.50754 55.62744 60.14908 57.79496
60.35166 59.40958 65.40057 61.14993 58.2343
60.8127 59.64401 62.80406 59.54538 59.36237
63.48102 65.25347 60.55962 60.3695 55.86487
62.20468 54.98473 52.38009 59.37697 58.42549
63.98044 58.71286 63.69469 59.24755 64.07596
56.53699 61.45901 63.38629 64.01934 60.95594
60.77779 55.70703 71.77412 69.31547 74.14425
68.94264 69.74712 67.32338 71.7894 67.69423
71.74858 68.31549 79.09394 65.22809 71.77782
67.41987 73.26133 73.71316 70.84081 67.55591
61.52679 68.52568 66.24759 76.32309 75.21183
73.44465 64.98468 63.35363 69.70877 70.31098
65.12876 73.92466 65.15584 77.72695 71.4096
66.33421 71.37249 63.59855 70.96836 71.81675
62.55934 73.92442 61.96631 70.4877 72.1209
72.94772 73.26614 77.26638 75.13563 64.40148
